{
 "cells": [
  {
   "cell_type": "code",
   "execution_count": 16,
   "metadata": {},
   "outputs": [],
   "source": [
    "import numpy as np\n",
    "import cv2 as cv\n",
    "import glob"
   ]
  },
  {
   "cell_type": "code",
   "execution_count": 17,
   "metadata": {},
   "outputs": [
    {
     "name": "stdout",
     "output_type": "stream",
     "text": [
      "./Images/3.png\n",
      "(577, 433, 3)\n",
      "True\n",
      "True\n",
      "./Images/5.png\n",
      "(577, 433, 3)\n",
      "True\n",
      "True\n",
      "./Images/2.png\n",
      "(577, 433, 3)\n",
      "True\n",
      "True\n",
      "./Images/1.png\n",
      "(577, 433, 3)\n",
      "True\n",
      "True\n",
      "./Images/4.png\n",
      "(577, 433, 3)\n",
      "True\n",
      "True\n",
      "./Images/6.png\n",
      "(577, 433, 3)\n",
      "True\n",
      "True\n"
     ]
    }
   ],
   "source": [
    "# termination criteria\n",
    "criteria = (cv.TERM_CRITERIA_EPS + cv.TERM_CRITERIA_MAX_ITER, 30, 0.001)\n",
    " \n",
    "rows = 7\n",
    "cols = 7\n",
    "# prepare object points, like (0,0,0), (1,0,0), (2,0,0) ....,(6,6,0)\n",
    "objp = np.zeros((rows*cols,3), np.float32)\n",
    "objp[:,:2] = np.mgrid[0:cols,0:rows].T.reshape(-1,2)\n",
    " \n",
    "# Arrays to store object points and image points from all the images.\n",
    "objpoints = [] # 3d point in real world space\n",
    "imgpoints = [] # 2d points in image plane.\n",
    " \n",
    "images = glob.glob('./Images/*.png')\n",
    "\n",
    "for fname in images:\n",
    "    img = cv.imread(fname)\n",
    "    print(fname)\n",
    "    print(img.shape)\n",
    "\n",
    "    h,w = img.shape[0], img.shape[1]\n",
    "    gray = cv.cvtColor(img, cv.COLOR_BGR2GRAY)\n",
    "\n",
    "    _, gray = cv.threshold(gray, 127, 255, cv.THRESH_BINARY)\n",
    "    cv.imwrite(fname.replace(\".png\", \"_gray.png\").replace(\"Images\", \"Grayscale\"), gray)\n",
    "\n",
    "    # Find the chessboard corners\n",
    "    print(cv.checkChessboard(gray, (cols, rows)))\n",
    "\n",
    "    ret, corners = cv.findChessboardCornersSB(gray, (cols, rows), flags=0)\n",
    "    print(ret) # chessboard detected or not\n",
    "\n",
    "    # If found, add object points, image points (after refining them)\n",
    "    if ret == True:\n",
    "        objpoints.append(objp)\n",
    "\n",
    "        corners2 = cv.cornerSubPix(gray, corners, (11,11), (-1,-1), criteria)\n",
    "        imgpoints.append(corners2)\n",
    "\n",
    "        # Draw and display the corners\n",
    "        cv.drawChessboardCorners(img, (cols, rows), corners2, ret)\n",
    "        cv.imwrite(fname.replace(\".png\", \"_new.png\").replace(\"Images\", \"Outputs\"), img)\n",
    "        cv.imshow('img', img)\n",
    "        cv.waitKey(500)\n",
    "\n",
    "cv.destroyAllWindows()"
   ]
  },
  {
   "cell_type": "code",
   "execution_count": 18,
   "metadata": {},
   "outputs": [],
   "source": [
    "ret, mtx, dist, rvecs, tvecs = cv.calibrateCamera(objpoints, imgpoints, gray.shape[::-1], None, None)\n",
    "newcameramtx, roi = cv.getOptimalNewCameraMatrix(mtx, dist, (w,h), 1, (w,h))\n",
    "\n",
    "rotation_matrices = []\n",
    "\n",
    "# Iterate through each rotation vector and convert to a rotation matrix\n",
    "for rvec in rvecs:\n",
    "    rotation_matrix, _ = cv.Rodrigues(rvec)\n",
    "    rotation_matrices.append(rotation_matrix)"
   ]
  },
  {
   "cell_type": "code",
   "execution_count": 19,
   "metadata": {},
   "outputs": [
    {
     "name": "stdout",
     "output_type": "stream",
     "text": [
      "0.9151344822909565\n",
      "-------------------------------------------\n",
      "[[440.44093701   0.         228.23975227]\n",
      " [  0.         439.21581056 261.18189485]\n",
      " [  0.           0.           1.        ]]\n",
      "-------------------------------------------\n",
      "[[ 9.96413382e-03  5.85713600e-01 -5.64285416e-03 -8.65693134e-04\n",
      "  -1.30946286e+00]]\n",
      "-------------------------------------------\n",
      "[array([[ 0.99976092,  0.01073925,  0.01904676],\n",
      "       [-0.01071719,  0.99994178, -0.00125966],\n",
      "       [-0.01905918,  0.00105523,  0.9998178 ]]), array([[ 0.74952068, -0.50754825, -0.4249865 ],\n",
      "       [ 0.62856848,  0.74704491,  0.21639216],\n",
      "       [ 0.20765454, -0.42932352,  0.87895444]]), array([[ 0.9989129 ,  0.00872521, -0.04579181],\n",
      "       [ 0.02209218,  0.77639546,  0.62985873],\n",
      "       [ 0.0410482 , -0.63018565,  0.77535868]]), array([[ 0.99965728,  0.02157366,  0.01482905],\n",
      "       [-0.02188205,  0.99954085,  0.02095862],\n",
      "       [-0.01437009, -0.02127593,  0.99967036]]), array([[ 0.81490258,  0.57953544,  0.00851212],\n",
      "       [-0.57958981,  0.81472547,  0.01726432],\n",
      "       [ 0.00307025, -0.01900227,  0.99981473]]), array([[ 9.64428113e-01, -2.63496855e-01,  2.11618338e-02],\n",
      "       [ 2.63567308e-01,  9.64640844e-01, -5.61993043e-04],\n",
      "       [-2.02654858e-02,  6.11956945e-03,  9.99775905e-01]])]\n",
      "-------------------------------------------\n",
      "(array([[-3.64602831],\n",
      "       [-1.95172863],\n",
      "       [10.29052005]]), array([[-0.65502528],\n",
      "       [-2.3023187 ],\n",
      "       [12.50819032]]), array([[-3.33349454],\n",
      "       [-2.24452841],\n",
      "       [13.74534013]]), array([[-3.22416419],\n",
      "       [-2.17063405],\n",
      "       [10.55613029]]), array([[-4.5413255 ],\n",
      "       [-0.29036691],\n",
      "       [13.1737095 ]]), array([[-2.20927399],\n",
      "       [-3.07719406],\n",
      "       [11.0700786 ]]))\n",
      "-------------------------------------------\n",
      "[[372.33456421   0.         192.94651574]\n",
      " [  0.         341.91680908 278.260451  ]\n",
      " [  0.           0.           1.        ]]\n",
      "-------------------------------------------\n",
      "(5, 81, 358, 443)\n",
      "-------------------------------------------\n"
     ]
    }
   ],
   "source": [
    "print(ret)\n",
    "print(\"-------------------------------------------\")\n",
    "print(mtx)\n",
    "print(\"-------------------------------------------\")\n",
    "print(dist)\n",
    "print(\"-------------------------------------------\")\n",
    "print(rotation_matrices)\n",
    "print(\"-------------------------------------------\")\n",
    "print(tvecs)\n",
    "print(\"-------------------------------------------\")\n",
    "\n",
    "print(newcameramtx)\n",
    "print(\"-------------------------------------------\")\n",
    "print(roi)\n",
    "print(\"-------------------------------------------\")"
   ]
  }
 ],
 "metadata": {
  "kernelspec": {
   "display_name": "base",
   "language": "python",
   "name": "python3"
  },
  "language_info": {
   "codemirror_mode": {
    "name": "ipython",
    "version": 3
   },
   "file_extension": ".py",
   "mimetype": "text/x-python",
   "name": "python",
   "nbconvert_exporter": "python",
   "pygments_lexer": "ipython3",
   "version": "3.11.5"
  }
 },
 "nbformat": 4,
 "nbformat_minor": 2
}
