{
 "cells": [
  {
   "cell_type": "code",
   "execution_count": 16,
   "metadata": {},
   "outputs": [],
   "source": [
    "import numpy as np\n",
    "import cv2 as cv\n",
    "import glob"
   ]
  },
  {
   "cell_type": "code",
   "execution_count": 17,
   "metadata": {},
   "outputs": [],
   "source": [
    "def prepare_object_points(rows, cols):\n",
    "    \"\"\"Prepare object points for chessboard corners.\"\"\"\n",
    "    objp = np.zeros((rows * cols, 3), np.float32)\n",
    "    objp[:, :2] = np.mgrid[0:cols, 0:rows].T.reshape(-1, 2)\n",
    "    return objp"
   ]
  },
  {
   "cell_type": "code",
   "execution_count": 18,
   "metadata": {},
   "outputs": [],
   "source": [
    "def convert_to_grayscale_and_threshold(img_path):\n",
    "    \"\"\"Convert image to grayscale and apply thresholding.\"\"\"\n",
    "    img = cv.imread(img_path)\n",
    "    gray = cv.cvtColor(img, cv.COLOR_BGR2GRAY)\n",
    "    _, gray = cv.threshold(gray, 127, 255, cv.THRESH_BINARY)\n",
    "    return gray\n",
    "\n",
    "def check_chessboard_and_find_corners(gray, rows, cols, criteria):\n",
    "    \"\"\"Check for chessboard corners and refine them.\"\"\"\n",
    "    if not cv.checkChessboard(gray, (cols, rows)):\n",
    "        return False, None\n",
    "\n",
    "    ret, corners = cv.findChessboardCornersSB(gray, (cols, rows), flags=0)\n",
    "    if ret:\n",
    "        corners = cv.cornerSubPix(gray, corners, (11, 11), (-1, -1), criteria)\n",
    "    return ret, corners"
   ]
  },
  {
   "cell_type": "code",
   "execution_count": 19,
   "metadata": {},
   "outputs": [],
   "source": [
    "def process_images(image_paths, rows, cols, criteria):\n",
    "    \"\"\"Process each image to find chessboard corners.\"\"\"\n",
    "    objpoints = []\n",
    "    imgpoints = []\n",
    "    objp = prepare_object_points(rows, cols)\n",
    "\n",
    "    for img_path in image_paths:\n",
    "        gray = convert_to_grayscale_and_threshold(img_path)\n",
    "        ret, corners = check_chessboard_and_find_corners(gray, rows, cols, criteria)\n",
    "\n",
    "        if ret:\n",
    "            objpoints.append(objp)\n",
    "            imgpoints.append(corners)\n",
    "            img = cv.imread(img_path)\n",
    "            cv.drawChessboardCorners(img, (cols, rows), corners, ret)\n",
    "            cv.imwrite(img_path.replace(\".png\", \"_new.png\").replace(\"Images\", \"Outputs\"), img)\n",
    "            cv.imshow('img', img)\n",
    "            cv.waitKey(500)\n",
    "\n",
    "    cv.destroyAllWindows()\n",
    "    return objpoints, imgpoints, gray.shape[::-1]\n",
    "\n",
    "def process_images_exclude(image_paths, rows, cols, criteria):\n",
    "    \"\"\"Process each image but exclude './Images/5.png'.\"\"\"\n",
    "    objpoints = []\n",
    "    imgpoints = []\n",
    "    objp = prepare_object_points(rows, cols)\n",
    "\n",
    "    for img_path in image_paths:\n",
    "        if img_path == './Images/5.png':\n",
    "            print(f\"Excluding {img_path} from processing.\")\n",
    "            continue\n",
    "        \n",
    "        gray = convert_to_grayscale_and_threshold(img_path)\n",
    "        ret, corners = check_chessboard_and_find_corners(gray, rows, cols, criteria)\n",
    "\n",
    "        if ret:\n",
    "            objpoints.append(objp)\n",
    "            imgpoints.append(corners)\n",
    "            img = cv.imread(img_path)\n",
    "            cv.drawChessboardCorners(img, (cols, rows), corners, ret)\n",
    "            cv.imwrite(img_path.replace(\".png\", \"_new.png\").replace(\"Images\", \"Outputs\"), img)\n",
    "            cv.imshow('img', img)\n",
    "            cv.waitKey(500)\n",
    "\n",
    "    cv.destroyAllWindows()\n",
    "    return objpoints, imgpoints, gray.shape[::-1]"
   ]
  },
  {
   "cell_type": "code",
   "execution_count": 20,
   "metadata": {},
   "outputs": [],
   "source": [
    "def calibrate_camera(objpoints, imgpoints, image_shape):\n",
    "    \"\"\"Calibrate the camera using object and image points.\"\"\"\n",
    "    ret, mtx, dist, rvecs, tvecs = cv.calibrateCamera(objpoints, imgpoints, image_shape, None, None)\n",
    "    newcameramtx, roi = cv.getOptimalNewCameraMatrix(mtx, dist, (image_shape[1], image_shape[0]), 1, (image_shape[1], image_shape[0]))\n",
    "    return ret, mtx, dist, rvecs, tvecs, newcameramtx, roi"
   ]
  },
  {
   "cell_type": "code",
   "execution_count": 21,
   "metadata": {},
   "outputs": [],
   "source": [
    "def print_rotation_matrices_tvecs(rvecs, tvecs, image_paths):\n",
    "    \"\"\"Print rotation matrices and translation vectors for each image.\"\"\"\n",
    "    for i, (rvec, tvec) in enumerate(zip(rvecs, tvecs)):\n",
    "        rotation_matrix, _ = cv.Rodrigues(rvec)  # Convert rvec to rotation matrix\n",
    "        print(f\"Image: {image_paths[i]}\")\n",
    "        print(f\"Rotation Matrix:\\n{rotation_matrix}\")\n",
    "        print(f\"Translation Vector (tvec):\\n{tvec}\")\n",
    "        print(\"-------------------------------------------\")"
   ]
  },
  {
   "cell_type": "code",
   "execution_count": 22,
   "metadata": {},
   "outputs": [
    {
     "name": "stdout",
     "output_type": "stream",
     "text": [
      "Excluding ./Images/5.png from processing.\n"
     ]
    }
   ],
   "source": [
    "criteria = (cv.TERM_CRITERIA_EPS + cv.TERM_CRITERIA_MAX_ITER, 30, 0.001)\n",
    "rows, cols = 7, 7\n",
    "images = glob.glob('./Images/*.png')\n",
    "\n",
    "# Process images excluding './Images/5.png'\n",
    "objpoints_exclude, imgpoints_exclude, image_shape = process_images_exclude(images, rows, cols, criteria)\n",
    "\n",
    "# Calibrate camera using points *excluding* './Images/5.png'\n",
    "ret_exclude, mtx_exclude, dist_exclude, rvecs_exclude, tvecs_exclude, newcameramtx_exclude, roi_exclude = calibrate_camera(objpoints_exclude, imgpoints_exclude, image_shape)\n",
    "\n",
    "# Process all images without excluding any\n",
    "objpoints_include, imgpoints_include, _ = process_images(images, rows, cols, criteria)\n",
    "\n",
    "# Calibrate camera using points *including* './Images/5.png'\n",
    "ret_include, mtx_include, dist_include, rvecs_include, tvecs_include, newcameramtx_include, roi_include = calibrate_camera(objpoints_include, imgpoints_include, image_shape)"
   ]
  },
  {
   "cell_type": "code",
   "execution_count": 23,
   "metadata": {},
   "outputs": [
    {
     "name": "stdout",
     "output_type": "stream",
     "text": [
      "Results including './Images/5.png':\n",
      "Reprojection error: 0.9151344822909565\n",
      "Camera matrix:\n",
      " [[440.44093701   0.         228.23975227]\n",
      " [  0.         439.21581056 261.18189485]\n",
      " [  0.           0.           1.        ]]\n",
      "Distortion coefficients:\n",
      " [[ 9.96413382e-03  5.85713600e-01 -5.64285416e-03 -8.65693134e-04\n",
      "  -1.30946286e+00]]\n",
      "New camera matrix:\n",
      " [[437.18933105   0.         226.90641969]\n",
      " [  0.         331.27285767 265.6536181 ]\n",
      " [  0.           0.           1.        ]]\n",
      "Region of interest (ROI):\n",
      " (6, 74, 567, 319)\n",
      "Image: ./Images/3.png\n",
      "Rotation Matrix:\n",
      "[[ 0.99976092  0.01073925  0.01904676]\n",
      " [-0.01071719  0.99994178 -0.00125966]\n",
      " [-0.01905918  0.00105523  0.9998178 ]]\n",
      "Translation Vector (tvec):\n",
      "[[-3.64602831]\n",
      " [-1.95172863]\n",
      " [10.29052005]]\n",
      "-------------------------------------------\n",
      "Image: ./Images/5.png\n",
      "Rotation Matrix:\n",
      "[[ 0.74952068 -0.50754825 -0.4249865 ]\n",
      " [ 0.62856848  0.74704491  0.21639216]\n",
      " [ 0.20765454 -0.42932352  0.87895444]]\n",
      "Translation Vector (tvec):\n",
      "[[-0.65502528]\n",
      " [-2.3023187 ]\n",
      " [12.50819032]]\n",
      "-------------------------------------------\n",
      "Image: ./Images/2.png\n",
      "Rotation Matrix:\n",
      "[[ 0.9989129   0.00872521 -0.04579181]\n",
      " [ 0.02209218  0.77639546  0.62985873]\n",
      " [ 0.0410482  -0.63018565  0.77535868]]\n",
      "Translation Vector (tvec):\n",
      "[[-3.33349454]\n",
      " [-2.24452841]\n",
      " [13.74534013]]\n",
      "-------------------------------------------\n",
      "Image: ./Images/1.png\n",
      "Rotation Matrix:\n",
      "[[ 0.99965728  0.02157366  0.01482905]\n",
      " [-0.02188205  0.99954085  0.02095862]\n",
      " [-0.01437009 -0.02127593  0.99967036]]\n",
      "Translation Vector (tvec):\n",
      "[[-3.22416419]\n",
      " [-2.17063405]\n",
      " [10.55613029]]\n",
      "-------------------------------------------\n",
      "Image: ./Images/4.png\n",
      "Rotation Matrix:\n",
      "[[ 0.81490258  0.57953544  0.00851212]\n",
      " [-0.57958981  0.81472547  0.01726432]\n",
      " [ 0.00307025 -0.01900227  0.99981473]]\n",
      "Translation Vector (tvec):\n",
      "[[-4.5413255 ]\n",
      " [-0.29036691]\n",
      " [13.1737095 ]]\n",
      "-------------------------------------------\n",
      "Image: ./Images/6.png\n",
      "Rotation Matrix:\n",
      "[[ 9.64428113e-01 -2.63496855e-01  2.11618338e-02]\n",
      " [ 2.63567308e-01  9.64640844e-01 -5.61993043e-04]\n",
      " [-2.02654858e-02  6.11956945e-03  9.99775905e-01]]\n",
      "Translation Vector (tvec):\n",
      "[[-2.20927399]\n",
      " [-3.07719406]\n",
      " [11.0700786 ]]\n",
      "-------------------------------------------\n"
     ]
    }
   ],
   "source": [
    "print(\"Results including './Images/5.png':\")\n",
    "print(f\"Reprojection error: {ret_include}\")\n",
    "print(\"Camera matrix:\\n\", mtx_include)\n",
    "print(\"Distortion coefficients:\\n\", dist_include)\n",
    "print(\"New camera matrix:\\n\", newcameramtx_include)\n",
    "print(\"Region of interest (ROI):\\n\", roi_include)\n",
    "print_rotation_matrices_tvecs(rvecs_include, tvecs_include, images)"
   ]
  },
  {
   "cell_type": "code",
   "execution_count": 24,
   "metadata": {},
   "outputs": [
    {
     "name": "stdout",
     "output_type": "stream",
     "text": [
      "\n",
      "Results excluding './Images/5.png':\n",
      "Reprojection error: 0.45580715377987446\n",
      "Camera matrix:\n",
      " [[418.96935841   0.         215.82538587]\n",
      " [  0.         418.37508427 291.10248945]\n",
      " [  0.           0.           1.        ]]\n",
      "Distortion coefficients:\n",
      " [[ 2.68437103e-03  7.22163183e-01 -2.84614988e-03 -1.97902047e-03\n",
      "  -2.83940778e+00]]\n",
      "New camera matrix:\n",
      " [[379.17211914   0.         249.13278597]\n",
      " [  0.         344.30960083 239.56824185]\n",
      " [  0.           0.           1.        ]]\n",
      "Region of interest (ROI):\n",
      " (54, 0, 522, 356)\n",
      "Image: ./Images/3.png\n",
      "Rotation Matrix:\n",
      "[[ 0.99990273  0.01004572  0.00967574]\n",
      " [-0.01011196  0.9999256   0.00682158]\n",
      " [-0.0096065  -0.00691875  0.99992992]]\n",
      "Translation Vector (tvec):\n",
      "[[-3.35459316]\n",
      " [-2.65087877]\n",
      " [ 9.78244261]]\n",
      "-------------------------------------------\n",
      "Image: ./Images/2.png\n",
      "Rotation Matrix:\n",
      "[[ 0.9996534  -0.00772618 -0.02516705]\n",
      " [ 0.02091923  0.81350251  0.58118504]\n",
      " [ 0.01598312 -0.58151008  0.81338218]]\n",
      "Translation Vector (tvec):\n",
      "[[-2.95833808]\n",
      " [-3.1592631 ]\n",
      " [13.05630437]]\n",
      "-------------------------------------------\n",
      "Image: ./Images/1.png\n",
      "Rotation Matrix:\n",
      "[[ 0.9996668   0.02063593  0.01550623]\n",
      " [-0.02108601  0.99934394  0.02944588]\n",
      " [-0.01488841 -0.02976304  0.9994461 ]]\n",
      "Translation Vector (tvec):\n",
      "[[-2.92803293]\n",
      " [-2.88549794]\n",
      " [10.06795167]]\n",
      "-------------------------------------------\n",
      "Image: ./Images/4.png\n",
      "Rotation Matrix:\n",
      "[[ 0.81521131  0.57911289  0.00766647]\n",
      " [-0.57914604  0.81501197  0.01858374]\n",
      " [ 0.00451381 -0.01958968  0.99979791]]\n",
      "Translation Vector (tvec):\n",
      "[[-4.17116769]\n",
      " [-1.18617119]\n",
      " [12.54419907]]\n",
      "-------------------------------------------\n",
      "Image: ./Images/6.png\n",
      "Rotation Matrix:\n",
      "[[ 9.64198330e-01 -2.64328454e-01  2.12614320e-02]\n",
      " [ 2.64253942e-01  9.64432614e-01  6.29182068e-03]\n",
      " [-2.21683256e-02 -4.48145789e-04  9.99754152e-01]]\n",
      "Translation Vector (tvec):\n",
      "[[-1.89588677]\n",
      " [-3.83053242]\n",
      " [10.56827527]]\n",
      "-------------------------------------------\n"
     ]
    }
   ],
   "source": [
    "print(\"\\nResults excluding './Images/5.png':\")\n",
    "print(f\"Reprojection error: {ret_exclude}\")\n",
    "print(\"Camera matrix:\\n\", mtx_exclude)\n",
    "print(\"Distortion coefficients:\\n\", dist_exclude)\n",
    "print(\"New camera matrix:\\n\", newcameramtx_exclude)\n",
    "print(\"Region of interest (ROI):\\n\", roi_exclude)\n",
    "print_rotation_matrices_tvecs(rvecs_exclude, tvecs_exclude, [img for img in images if img != './Images/5.png'])"
   ]
  }
 ],
 "metadata": {
  "kernelspec": {
   "display_name": "base",
   "language": "python",
   "name": "python3"
  },
  "language_info": {
   "codemirror_mode": {
    "name": "ipython",
    "version": 3
   },
   "file_extension": ".py",
   "mimetype": "text/x-python",
   "name": "python",
   "nbconvert_exporter": "python",
   "pygments_lexer": "ipython3",
   "version": "3.11.5"
  }
 },
 "nbformat": 4,
 "nbformat_minor": 2
}
